# ==========================================
#     FLUX-OUTLIER SUMMARY per BAND for                       
#     |F_data-F_true(SIM)|/Sigma_F > 10.00 :                  
#        u-Outlier frac =  0.02062   (    81/  3929)          
#        g-Outlier frac =  0.00095   (     8/  8458)          
#        r-Outlier frac =  0.00054   (    12/ 22096)          
#        i-Outlier frac =  0.00031   (     7/ 22272)          
#        z-Outlier frac =  0.00010   (     1/ 10093)          
#        Y-Outlier frac =  0.00017   (     2/ 11780)          
#  
# VERSION_SNANA      = v11_02m 
# VERSION_PHOTOMETRY = DC2_run22i_FITS 
# SNANA_VERSION : v11_02m 
# TABLE NAME: OUTLIER 
# 
VARNAMES:  CID ROWNUM FIELD MJD BAND IFILTOBS CCDNUM IXPIX IYPIX AREAFRAC PHOTFLAG FLUXCAL_DATA FLUXCAL_ERR_DATA FLUXCAL_ERR_CALC FLUXCAL_TRUE NSIG LOGSNR SBMAG ZP PSF SKYSIG 
#
SN: MS_9427_34 1 WFD 60612.1316 u 1 29 522 317 0.707483 0 -14650 7.62300 3.26166 320.03696 1963.79858 -1 27.50000 30.48300 1.29334 11.10000
SN: MS_9427_109 2 WFD 60612.1316 u 1 29 1660 939 0.280990 0 -11500 5.53000 3.25623 7.34514 2080.89404 -1 27.50000 30.48300 1.29118 11.10000
SN: MS_9427_1579 3 WFD 61320.2087 u 1 35 4010 3889 0.940252 0 113.60000 5.02900 5.43821 0.29431 22.53046 1.35390 27.50000 30.48800 1.76394 10.99000
SN: MS_9427_2172 4 WFD 60260.0733 u 1 31 2357 755 0.387469 0 -13730 8.09600 7.96657 8.57433e-02 1695.90991 -1 27.50000 30.45100 3.03982 11.20000
SN: MS_9427_1037 5 WFD 60612.1312 u 1 149 1717 138 0.866631 0 92 4.98700 4.39388 0.59924 18.32780 1.26595 27.50000 30.48000 1.30192 11.11000
SN: MS_9427_1755 6 WFD 60260.0733 u 1 31 4025 3924 0.954690 0 -4058 7.98500 7.94493 1.02707 508.33151 -1 27.50000 30.45100 3.03157 11.20000
SN: hl_ms_3558 7 WFD 61320.2083 u 1 172 1373 3868 0.872814 0 59.48000 5.46600 4.99172 0.10914 10.86185 1.03670 27.50000 30.48000 1.76168 10.99000
SN: MS_9299_297 8 WFD 60557.2606 u 1 78 3808 2831 0.757849 0 138.30000 6.03700 5.89234 3.10170 22.39495 1.36000 27.50000 30.48100 1.84788 11.16000
SN: MS_9299_563 9 WFD 60612.1316 u 1 79 3297 2262 0.383609 0 112.10000 6.61000 4.55973 1.38166 16.75013 1.22940 27.50000 30.48400 1.28717 11.11000
SN: MS_9299_339 10 WFD 60612.1312 u 1 181 2156 3553 0.603263 0 155.50000 5.18000 4.98422 1.61733 29.70708 1.47740 27.50000 30.48800 1.30009 11.11000
SN: MS_9299_324 11 WFD 61320.2087 u 1 118 2017 2089 0.002014 0 3848 6.82100 19.30178 5.97036 563.26483 2.75139 27.50000 30.48100 1.76934 10.99000
SN: MS_9299_308 12 WFD 60612.1316 u 1 79 3480 2402 0.503375 0 104.30000 6.73900 4.48194 4.81726 14.76224 1.18969 27.50000 30.48400 1.28779 11.11000
SN: MS_9299_1335 13 WFD 61320.2087 u 1 96 111 765 0.893526 4194304 93.21000 6.10800 5.27849 0.25539 15.21850 1.18356 27.50000 30.47900 1.75603 10.97000
SN: MS_9299_2863 14 WFD 60585.1885 u 1 148 1375 3196 0.357807 0 110.90000 6.00100 5.80992 0.54601 18.38927 1.26671 27.50000 30.48600 1.92590 11.14000
SN: hl_ms_2473 15 WFD 60878.3948 u 1 116 3125 3000 0.286151 0 -1.30500e+02 6.04200 5.52233 9.70957 23.20582 -1 27.50000 30.48200 2.17597 11.16000
SN: MS_9299_535 16 WFD 61320.1980 u 1 1 3828 3437 0.775351 0 59.06000 5.16300 5.01287 0.97904 11.24946 1.05839 27.50000 30.48300 1.76889 11.05000
SN: MS_9299_123 17 WFD 61297.2377 u 1 48 1743 3333 0.444762 4194304 293.60001 6.91000 7.51272 5.64417 41.67234 1.62828 27.50000 30.47300 2.12135 11.13000
SN: MS_9299_2073 18 WFD 60557.2606 u 1 43 107 3855 0.897226 4194304 180.10001 6.10400 6.19550 0.11429 29.48652 1.46990 27.50000 30.47900 1.83773 11.15000
SN: MS_9299_460 19 WFD 60557.2606 u 1 43 455 3646 0.677592 4194304 149.60001 6.21000 5.96674 0.21301 24.05588 1.38184 27.50000 30.47900 1.83860 11.15000
SN: MS_9299_806 20 WFD 60911.2829 u 1 143 1521 162 0.844478 0 -7.53200e+01 6.70400 6.47100 5.46009e-02 11.24323 -1 27.50000 30.47500 2.52660 11.19000
SN: MS_9300_2765 21 WFD 60612.1312 u 1 82 2652 3645 0.676728 0 -882500 261.29999 3.30541 4.50402e-02 3377.34448 -1 27.50000 30.48300 1.30832 11.12000
SN: MS_9300_3215 22 WFD 60132.4190 Y 6 2 534 3882 0.886375 135168 411.50000 35.49000 31.46825 7.81268 11.37468 1.06426 27.50000 30.63500 2.35511 66.52000
SN: MS_9300_2685 23 WFD 60369.0307 z 5 11 1200 3462 0.534822 1 581.20001 28.69000 13.83429 3.81593 20.12492 1.30660 27.50000 31.45700 2.23158 63.01000
SN: MS_9300_7 24 WFD 60696.1367 g 2 153 775 1231 0.383189 1 2139 10.30000 6.43231 1964.26477 16.96458 2.31737 27.50000 32.33600 2.20756 26.54000
SN: MS_9300_7 25 WFD 60701.1427 r 3 17 1219 1838 0.160696 1 1665 13.25000 6.35652 1867.23914 15.26333 2.09920 27.50000 32.17800 1.59677 38.08000
SN: MS_9300_7 26 WFD 60730.0657 g 2 184 3006 1350 0.227097 1 385.29999 8.21600 3.65190 199.34271 22.63355 1.67114 27.50000 32.33500 2.28949 27.86000
SN: MS_9300_3510 27 WFD 61320.2083 u 1 118 1557 2958 0.229705 0 76.60000 5.18800 5.11150 0.29840 14.70732 1.16923 27.50000 30.48100 1.74238 11.02000
SN: MS_9300_1857 28 WFD 60557.2579 u 1 108 287 2057 0.737591 0 248.20000 5.66000 6.85592 0.11471 43.83132 1.64199 27.50000 30.47500 1.91721 11.19000
SN: MS_9300_1171 29 WFD 60702.0944 u 1 163 3630 1200 0.613291 0 62.31000 5.69500 5.08472 0.60034 10.83576 1.03906 27.50000 30.48500 1.79989 11
SN: MS_9300_3917 30 WFD 60973.1677 i 4 84 2529 3770 0.783871 0 293.60001 9.96300 5.25495 5.74381 28.89252 1.46937 27.50000 31.84900 1.51072 45.82000
SN: MS_9300_201 31 WFD 61320.2083 u 1 87 404 3749 0.765363 0 105 5.57200 5.38253 7.55092 17.48907 1.27518 27.50000 30.47900 1.75081 11.01000
SN: MS_9300_1043 32 WFD 60673.1092 u 1 62 458 3833 0.840238 0 74.57000 6.55100 6.71813 1.58928e-02 11.38057 1.05626 27.50000 30.46600 2.48195 10.79000
SN: MS_9300_421 33 WFD 60557.2597 u 1 109 1176 3151 0.331684 0 597.90002 5.57300 8.85768 0.32211 107.22733 2.03054 27.50000 30.47900 1.90200 11.18000
SN: MS_9427_2664 34 WFD 60612.1312 u 1 94 2232 3135 0.322510 0 -5.97700e+02 6.98800 3.29088 0.26424 85.57015 -1 27.50000 30.48500 1.30497 11.12000
SN: MS_9427_39 35 WFD 60971.1252 u 1 37 3919 1440 0.856197 0 178 6.90300 7.23128 17.26633 23.28461 1.41138 27.50000 30.47300 2.32912 11.21000
SN: MS_9300_334 36 WFD 60224.1601 r 3 18 2130 2228 0.013083 1 116.20000 4.12400 4.02964 200.26266 20.38377 1.44989 27.50000 32.17300 2.06797 37.76000
SN: MS_9300_3743 37 WFD 60166.4117 r 3 160 99 2525 0.904648 1 107.70000 3.74900 3.70394 0.35351 28.63337 1.45830 27.50000 32.18200 1.80011 39.92000
SN: MS_9427_2942 38 WFD 61321.1667 u 1 83 1241 1537 0.152361 4194304 -7.27800e+01 6.49900 6.27034 3.50914e-02 11.20404 -1 27.50000 30.46700 2.43028 11.19000
SN: MS_9300_1193 39 WFD 60702.0939 u 1 79 3397 1855 0.447479 0 80.91000 5.09400 5.19354 0.54853 15.77571 1.20094 27.50000 30.48100 1.76439 11.01000
SN: MS_9300_1262 40 WFD 60690.1410 Y 6 150 1117 779 0.372649 0 -2805 38.92000 32.84855 18.63804 72.54980 -1 27.50000 30.63000 2.45649 67.39000
SN: MS_9427_3726 41 WFD 60612.1316 u 1 27 2488 1148 0.181101 1 87.67000 4.57900 4.31691 1.30497 18.86111 1.28208 27.50000 30.48500 1.29364 11.11000
SN: MS_9427_3726 42 WFD 60702.0944 u 1 168 3879 2657 0.819576 0 91.27000 7.36700 5.37110 1.24968e-02 12.38733 1.09304 27.50000 30.47800 1.79967 11.01000
SN: MS_9300_108 43 WFD 60612.1312 u 1 142 495 1797 0.572780 0 131.70000 6.27900 4.80440 67.05019 10.29619 1.32170 27.50000 30.48100 1.31045 11.12000
SN: MS_9427_514 44 WFD 60557.2647 u 1 113 1783 3763 0.777518 0 76.01000 5.09400 5.44396 8.79023e-02 14.90422 1.17381 27.50000 30.47900 1.87184 11.15000
SN: MS_9427_2949 45 WFD 60261.0706 u 1 121 2966 2246 0.208808 0 65.97000 6.34900 6.97210 5.28202e-02 10.38229 1.01664 27.50000 30.46800 2.52865 11.19000
SN: MS_9427_1197 46 WFD 60911.2954 u 1 159 3443 2252 0.477925 0 -6.55500e+01 6.39500 6.43395 2.02116 10.56625 -1 27.50000 30.47000 2.50731 11.16000
SN: MS_9428_2689 47 WFD 60260.2113 g 2 154 313 2593 0.715985 135168 74.33000 3.51600 3.26640 7.05343e-02 21.12044 1.32512 27.50000 32.31100 2.84510 25.55000
SN: MS_9428_2689 48 WFD 60260.2693 g 2 155 1490 3406 0.494863 135168 78.77000 3.64800 3.42683 7.03396e-02 21.57337 1.33431 27.50000 32.30800 2.96723 25.69000
SN: MS_9301_513 49 WFD 60557.2597 u 1 90 1782 447 0.602619 0 -2.44700e+02 5.46100 4.79310 0.94016 44.98080 -1 27.50000 30.48000 1.87842 11.20000
SN: MS_9428_1916 50 WFD 61381.0815 u 1 123 1465 3154 0.333235 0 86.80000 6.75600 6.01539 0.15834 12.82440 1.10883 27.50000 30.47500 2.13760 10.85000
SN: MS_9428_4180 51 WFD 60145.3741 g 2 44 2520 531 0.539152 0 -1.82400e+02 10.31000 2.74865 0.11097 17.70232 -1 27.50000 32.33000 2.37295 27.94000
SN: MS_9428_4180 52 WFD 60162.3585 i 4 150 1514 1786 0.065648 0 -1.79600e+02 14.94000 9.24791 5.06291 12.36030 -1 27.50000 31.85100 1.91762 74.83000
SN: MS_9428_4180 53 WFD 60179.3632 i 4 136 950 2255 0.284420 0 -1.57300e+02 15.12000 6.27873 1.94446 10.53204 -1 27.50000 31.84700 2.12584 45.66000
SN: MS_9428_4180 54 WFD 60201.2430 i 4 165 662 3631 0.665497 0 317.29999 14.38000 7.06492 0.74886 22.01329 1.34371 27.50000 31.84900 2.00327 49.90000
SN: MS_9428_4180 55 WFD 60211.2305 r 3 164 3633 3494 0.615947 1 -1.61400e+02 15.98000 7.84907 0.21067 10.11331 -1 27.50000 32.15600 2.67172 60.37000
SN: MS_9428_401 56 WFD 61320.2092 u 1 111 3340 3566 0.613825 0 64.92000 5.24300 5.11489 2.74916 11.85787 1.09280 27.50000 30.48300 1.79590 11.02000
SN: MS_9428_1848 57 WFD 61320.2096 u 1 116 201 1076 0.812008 0 55.18000 5.08500 5.02100 8.60597e-02 10.83460 1.03549 27.50000 30.48300 1.79324 11.02000
SN: MS_9428_3034 58 WFD 61321.1663 u 1 145 407 370 0.664086 0 66.14000 6.40200 6.72467 0.39482 10.26947 1.01415 27.50000 30.47100 2.43028 11.20000
SN: MS_9300_2077 59 WFD 60739.0298 r 3 107 245 462 0.773709 135168 191.80000 5.58800 5.30466 1.92486 33.97909 1.53559 27.50000 32.16700 2.29418 44.71000
SN: MS_9171_310 60 WFD 60557.2602 u 1 32 157 1760 0.851070 0 254.70000 5.59100 6.81370 10.70532 43.64061 1.65854 27.50000 30.47700 1.87673 11.18000
SN: MS_9171_9 61 WFD 60966.1629 u 1 58 2957 3241 0.385331 0 -8.14400e+02 7.05300 6.50548 15.73259 117.69923 -1 27.50000 30.46700 2.53729 11.12000
SN: MS_9300_168 62 WFD 60585.1889 u 1 63 3177 936 0.314189 0 149.39999 6.28000 6.18568 70.85979 12.50640 1.37639 27.50000 30.47800 1.94400 11.16000
SN: MS_9300_168 63 WFD 60612.1312 u 1 171 1461 3961 0.962175 0 -1780 4.95600 3.28677 3.40408 359.84747 -1 27.50000 30.48100 1.29856 11.12000
SN: MS_9171_1637 64 WFD 60966.1633 u 1 0 2699 3269 0.402654 0 29050 205.10001 52.25547 0.10637 141.63771 2.15118 27.50000 30.47000 2.43616 11.12000
SN: MS_9171_2410 65 WFD 60966.1633 u 1 0 865 1450 0.330744 0 -16020 125.60000 6.23815 0.42540 127.55116 -1 27.50000 30.47000 2.43975 11.12000
SN: MS_9171_1323 66 WFD 61322.1741 u 1 78 923 3488 0.553558 0 111.20000 5.88400 6.35515 0.35027 18.83918 1.27643 27.50000 30.47600 2.15133 11.16000
SN: MS_9171_2505 67 WFD 60200.2362 u 1 136 2647 1385 0.094482 0 -3073 6.20600 6.02076 5.14280e-02 495.17429 -1 27.50000 30.47200 2.34851 11.17000
SN: MS_9171_697 68 WFD 60200.2362 u 1 136 2269 2496 0.061740 0 -5.28800e+02 6.16700 6.01989 8.02417e-02 85.75974 -1 27.50000 30.47200 2.34817 11.17000
SN: MS_9171_3850 69 WFD 60911.2825 u 1 140 2848 1735 0.159227 1 96.23000 7.35700 7.22330 1.59514e-02 13.07789 1.11661 27.50000 30.46900 2.54683 11.22000
SN: MS_9171_7 70 WFD 61269.3117 g 2 149 541 861 0.538926 1 343.79999 4.72000 3.18077 295.12079 10.31339 1.86236 27.50000 32.33600 1.88751 26.97000
SN: MS_9171_2159 71 WFD 61266.3984 u 1 122 90 3728 0.913498 0 296.79999 6.50800 7.18074 1.03848 45.44584 1.65902 27.50000 30.47700 1.98431 10.86000
SN: MS_9171_360 72 WFD 60612.1271 u 1 38 1660 2762 0.145496 0 -8.48200e+01 6.60800 3.33436 2.28876e-02 12.83942 -1 27.50000 30.48300 1.31742 11.14000
SN: MS_9299_2487 73 WFD 60612.1312 u 1 186 2143 3237 0.382864 0 6503 19.75000 24.61761 1.08543e-02 329.26529 2.51755 27.50000 30.48300 1.29087 11.11000
SN: MS_9171_979 74 WFD 60612.1316 u 1 123 442 1616 0.612852 0 264.29999 5.07400 5.90003 0.67671 51.95572 1.71675 27.50000 30.48700 1.30070 11.11000
SN: MS_9299_647 75 WFD 60911.2825 u 1 100 47 3653 0.954239 0 -1.00200e+02 6.48000 6.55275 0.47951 15.53696 -1 27.50000 30.47000 2.54449 11.20000
SN: MS_9299_3964 76 WFD 60531.3149 r 3 79 3564 1597 0.563716 0 187.50000 11.22000 4.77052 0.51003 16.66577 1.22301 27.50000 32.16400 2.37881 38.04000
SN: MS_9299_3964 77 WFD 60584.2290 r 3 153 804 3526 0.582596 0 -289 10.15000 3.33783 0.18724 28.49135 -1 27.50000 32.17800 1.95787 35.75000
SN: MS_9171_3412 78 WFD 60588.1630 u 1 71 1933 2608 0.092535 0 55.24000 5.38800 5.36696 0.36475 10.18472 1.01083 27.50000 30.48000 1.90409 11.23000
SN: MS_9171_1076 79 WFD 61320.1975 u 1 39 3961 3474 0.894111 0 62.23000 5.34900 5.13963 1.37025e-02 11.63139 1.06573 27.50000 30.48100 1.80761 11.06000
SN: MS_9171_1076 80 WFD 61320.1980 u 1 27 3485 3143 0.506943 0 66.81000 5.58800 5.01308 1.37025e-02 11.95352 1.07759 27.50000 30.48200 1.73345 11.06000
SN: MS_9172_1418 81 WFD 60612.1307 u 1 70 928 1714 0.295950 0 98.94000 4.32200 4.51225 0.19249 22.84764 1.35969 27.50000 30.48300 1.32824 11.14000
SN: MS_9300_1126 82 WFD 61320.2096 u 1 187 320 99 0.903336 0 247.60001 5.75500 6.52725 0.32779 42.96650 1.63371 27.50000 30.48600 1.79102 11.02000
SN: MS_9172_4 83 WFD 60145.3750 g 2 38 1030 259 0.757013 4194305 225.89999 8.77800 3.39884 128.70638 11.07241 1.41052 27.50000 32.32800 2.38766 28.11000
SN: MS_9300_2243 84 WFD 60557.2647 u 1 180 3183 3829 0.836511 0 -1.24600e+02 5.22300 4.74448 5.64417e-02 23.86683 -1 27.50000 30.48200 1.86780 11.17000
SN: MS_9171_1502 85 WFD 60731.0554 u 1 175 2415 3602 0.641913 0 108.10000 5.41700 5.76575 0.26767 19.90628 1.30007 27.50000 30.48000 1.87906 11.28000
SN: MS_9301_319 86 WFD 60907.3895 u 1 90 112 2224 0.892867 0 84.86000 5.35600 5.72262 0.96117 15.66446 1.19986 27.50000 30.48200 2.02343 10.86000
SN: MS_9172_2940 87 WFD 61322.1746 u 1 71 168 3166 0.841581 0 64.34000 6.09500 6.30235 0.47907 10.47759 1.02351 27.50000 30.47500 2.27152 11.18000
SN: MS_9301_1573 88 WFD 60907.3895 u 1 99 150 3135 0.857725 0 -1.01500e+02 5.84400 4.98344 0.51192 17.45584 -1 27.50000 30.47900 2.01416 10.85000
SN: MS_9301_1318 89 WFD 60557.2579 u 1 84 1771 3670 0.697684 0 -5295 6.60700 4.93602 0.29054 801.46674 -1 27.50000 30.47900 1.92921 11.22000
SN: MS_9301_1318 90 WFD 60557.2709 u 1 19 140 3512 0.866756 0 155.70000 5.52500 6.06934 0.29215 28.12812 1.44996 27.50000 30.48000 1.86567 11.17000
SN: MS_9301_1318 91 WFD 60557.2763 u 1 181 1431 2809 0.163908 0 -5.48600e+01 5.20500 4.69164 0.29268 10.59610 -1 27.50000 30.47600 1.84011 11.15000
SN: MS_9301_1336 92 WFD 60557.2579 u 1 84 1522 2135 0.063642 0 -2519 5.86500 4.92862 3.58426e-02 429.50314 -1 27.50000 30.47900 1.92632 11.22000
SN: MS_9301_1336 93 WFD 60557.2647 u 1 118 3995 512 0.926321 25165824 100.80000 5.20000 5.64750 3.60745e-02 19.37768 1.28746 27.50000 30.47500 1.85605 11.19000
SN: MS_9301_1336 94 WFD 60557.2763 u 1 181 1151 1277 0.188870 0 64.45000 5.24600 5.27459 3.64083e-02 12.27861 1.08939 27.50000 30.47600 1.83470 11.15000
SN: MS_9172_246 95 WFD 60902.3489 i 4 131 415 204 0.806296 1 -1.64600e+02 11.11000 6.96953 77.05480 21.75111 -1 27.50000 31.85000 1.70685 63.30000
SN: MS_9172_246 96 WFD 60904.4047 r 3 78 2534 29 0.971131 1 -1.41100e+02 7.74400 3.16273 42.22792 23.67354 -1 27.50000 32.17800 1.55869 42.55000
SN: MS_9172_246 97 WFD 60905.3036 r 3 173 385 447 0.656991 1 -9.16900e+01 7.35900 4.68773 39.81072 17.86937 -1 27.50000 32.16200 2.54902 38
SN: MS_9172_246 98 WFD 60905.3202 r 3 158 3485 43 0.956758 1 -6.12500e+01 7.38600 4.75276 39.73742 13.67282 -1 27.50000 32.16100 2.55245 38.44000
SN: MS_9172_246 99 WFD 60932.2773 i 4 72 2866 858 0.325955 1 -1.73900e+02 10.57000 6.72909 27.36530 19.04118 -1 27.50000 31.84600 1.97103 52.73000
SN: MS_9172_246 100 WFD 60932.2991 i 4 155 2992 171 0.835762 1 -2.13800e+02 10.34000 6.20883 27.36530 23.32353 -1 27.50000 31.85000 1.81025 53.17000
SN: MS_9172_246 101 WFD 60942.2310 r 3 172 3975 203 0.907238 1 -8.86000e+01 7.78400 5.32513 9.89009 12.65289 -1 27.50000 32.14900 2.92740 37.14000
SN: MS_9301_555 102 WFD 60557.2597 u 1 86 1198 1120 0.193494 4194304 69.18000 5.44700 5.43155 0.11036 12.68031 1.10382 27.50000 30.48700 1.89948 11.20000
SN: MS_9172_5 103 WFD 61093.0664 r 3 127 109 2889 0.895533 1 2739 18.54000 8.75478 2926.84790 10.13203 2.16948 27.50000 32.16100 2.49155 39.89000
SN: MS_9172_5 104 WFD 61113.0341 g 2 166 58 2061 0.943656 1 399 11.99000 4.58809 560.78973 13.49372 1.52215 27.50000 32.30800 3.07237 29.04000
SN: MS_9172_3076 105 WFD 60557.2579 u 1 96 67 3326 0.935182 0 1486 72.68000 12.67553 1.27175e-02 20.44562 1.31060 27.50000 30.48200 1.94113 11.21000
SN: MS_9172_1345 106 WFD 60966.1643 u 1 136 2892 2336 0.176767 4194304 -2.04800e+02 7.54300 6.54934 0.46817 27.21307 -1 27.50000 30.45900 2.53336 11.13000
SN: MS_9172_817 107 WFD 60612.1307 u 1 105 1453 809 0.354102 4194304 83.36000 3.86000 4.36652 0.55106 21.45309 1.33437 27.50000 30.48300 1.33482 11.15000
SN: MS_9172_723 108 WFD 60557.2579 u 1 96 1044 918 0.292562 4194304 -1936 28.53000 4.93637 0.55411 67.87782 -1 27.50000 30.48200 1.93641 11.21000
SN: MS_9172_446 109 WFD 60971.1297 u 1 8 2951 3167 0.340887 4194304 90.24000 6.42200 6.74791 10.19530 12.46414 1.14773 27.50000 30.46900 2.36085 11.22000
SN: MS_9172_497 110 WFD 60702.0898 u 1 111 1205 2397 0.166361 4194304 -4.68600e+02 5.29800 4.36851 0.96739 88.63107 -1 27.50000 30.48500 1.75920 10.95000
SN: MS_9172_2022 111 WFD 60911.2958 u 1 71 3403 2953 0.450929 0 -1.92800e+02 6.91900 6.81715 9.68278e-02 27.87929 -1 27.50000 30.46200 2.62772 11.20000
