# ==========================================
#     FLUX-OUTLIER SUMMARY per BAND for                       
#     |F_data-F_true(SIM)|/Sigma_F > 10.00 :                  
#        u-Outlier frac =  0.02121   (    84/  3960)          
#        g-Outlier frac =  0.00188   (    16/  8502)          
#        r-Outlier frac =  0.00124   (    28/ 22494)          
#        i-Outlier frac =  0.00171   (    39/ 22796)          
#        z-Outlier frac =  0.00270   (    28/ 10365)          
#        Y-Outlier frac =  0.00041   (     5/ 12090)          
#  
# VERSION_SNANA      = v11_02m 
# VERSION_PHOTOMETRY = DC2_run22i_FITS 
# SNANA_VERSION : v11_02m 
# TABLE NAME: OUTLIER 
# 
VARNAMES:  CID ROWNUM FIELD MJD BAND IFILTOBS CCDNUM IXPIX IYPIX AREAFRAC PHOTFLAG FLUXCAL_DATA FLUXCAL_ERR_DATA FLUXCAL_ERR_CALC FLUXCAL_TRUE NSIG LOGSNR SBMAG ZP PSF SKYSIG 
#
SN: MS_9427_34 1 WFD 60612.1316 u 1 29 522 317 0.707483 0 -14650 7.62300 3.26166 320.03696 1963.79858 -1 27.50000 30.48300 1.29334 11.10000
SN: MS_9427_109 2 WFD 60612.1316 u 1 29 1660 939 0.280990 0 -11500 5.53000 3.25623 7.34514 2080.89404 -1 27.50000 30.48300 1.29118 11.10000
SN: MS_9427_1579 3 WFD 61320.2087 u 1 35 4010 3889 0.940252 0 113.60000 5.02900 5.43821 0.29431 22.53046 1.35390 27.50000 30.48800 1.76394 10.99000
SN: MS_9427_2172 4 WFD 60260.0733 u 1 31 2357 755 0.387469 0 -13730 8.09600 7.96657 8.57433e-02 1695.90991 -1 27.50000 30.45100 3.03982 11.20000
SN: MS_9427_438 5 WFD 60542.2946 z 5 155 3967 3452 0.899619 31525985 836.90002 21.59000 21.28780 94.88562 34.36843 1.58842 27.50000 31.45700 2.31421 95.81000
SN: MS_9427_1016 6 WFD 60739.0494 r 3 62 2453 630 0.469102 203776 179.60001 5.96800 5.33539 11.23052 28.21205 1.47848 27.50000 32.16700 2.38232 43.55000
SN: MS_9427_801 7 WFD 60894.3835 z 5 39 674 628 0.470027 31525985 290.70001 15.11000 15.09227 60.92562 15.20678 1.28418 27.50000 31.46100 2.14206 74.50000
SN: MS_9427_1037 8 WFD 60612.1312 u 1 149 1717 138 0.866631 0 92 4.98700 4.39388 0.59924 18.32780 1.26595 27.50000 30.48000 1.30192 11.11000
SN: MS_9427_1755 9 WFD 60260.0733 u 1 31 4025 3924 0.954690 0 -4058 7.98500 7.94493 1.02707 508.33151 -1 27.50000 30.45100 3.03157 11.20000
SN: hl_ms_3558 10 WFD 61320.2083 u 1 172 1373 3868 0.872814 0 59.48000 5.46600 4.99172 0.10914 10.86185 1.03670 27.50000 30.48000 1.76168 10.99000
SN: MS_9427_4109 11 WFD 61015.1566 z 5 177 3136 2919 0.292099 6360065 248.39999 17.46000 17.51423 0.21419 14.21454 1.15311 27.50000 31.45800 2.21422 84.16000
SN: MS_9427_4109 12 WFD 61067.0535 z 5 16 3295 3897 0.899984 31525889 247.70000 14.81000 14.72938 9.09494 16.11108 1.22337 27.50000 31.45600 2.32946 66.72000
SN: MS_9427_2495 13 WFD 61306.2165 z 5 35 795 3812 0.821126 6360161 259.20001 16.81000 16.76970 2.61818 15.26364 1.18807 27.50000 31.45400 2.28932 77.48000
SN: MS_9427_2495 14 WFD 61306.2264 z 5 28 967 1732 0.275238 31525985 247 16.08000 16.18417 2.61818 15.19787 1.18641 27.50000 31.45300 2.28392 74.85000
SN: MS_9427_2111 15 WFD 61015.1566 z 5 177 2825 2530 0.150381 31525985 364.39999 17.65000 17.63321 11.75981 19.97961 1.31483 27.50000 31.45800 2.21368 84.16000
SN: MS_9427_2111 16 WFD 61067.0535 z 5 16 3593 3498 0.584894 31525985 340.10001 14.95000 14.86150 1.72982 22.63346 1.35697 27.50000 31.45600 2.33202 66.72000
SN: MS_9299_4082 17 WFD 60275.0452 z 5 84 3839 3338 0.784599 31525985 273.29999 25.40000 25.75726 3.90122 10.60625 1.03181 27.50000 31.44600 2.65903 102.70000
SN: MS_9299_4082 18 WFD 60335.0564 z 5 159 3754 2714 0.712838 31525985 242.39999 23.15000 23.62340 0.66252 10.44222 1.01998 27.50000 31.43000 3.09058 79.81000
SN: MS_9299_4082 19 WFD 60336.0521 z 5 122 171 3014 0.838718 6360161 293.70001 23.84000 24.35507 0.65223 12.29227 1.09060 27.50000 31.41900 3.37784 74.43000
SN: MS_9299_4082 20 WFD 60336.0541 z 5 35 2657 1570 0.093151 6360161 296.39999 24.40000 24.95767 0.65223 12.12081 1.08449 27.50000 31.41200 3.43566 74.53000
SN: MS_9299_656 21 WFD 61306.2165 z 5 35 2716 2691 0.119681 31525985 574.59998 17.26000 17.22258 26.66860 31.74574 1.52232 27.50000 31.45400 2.30439 77.48000
SN: MS_9299_656 22 WFD 61306.2264 z 5 28 2914 654 0.452599 31525985 594.50000 16.70000 16.60713 26.64402 34.00335 1.55144 27.50000 31.45300 2.28775 74.85000
SN: MS_9299_596 23 WFD 60894.3835 z 5 32 234 2524 0.782843 31525985 1274 16.70000 16.27927 26.89055 74.67722 1.88245 27.50000 31.46000 2.14429 74.46000
SN: MS_9299_596 24 WFD 60897.4010 z 5 187 586 134 0.869976 31525985 1130 15.57000 15.11766 24.27727 71.01624 1.86079 27.50000 31.46800 1.75987 84.68000
SN: MS_9299_596 25 WFD 60897.4015 z 5 87 1148 559 0.518933 31525985 1098 15.16000 14.75143 24.27727 70.82604 1.85990 27.50000 31.46700 1.71174 84.67000
SN: MS_9299_1667 26 WFD 61067.0535 z 5 17 343 1086 0.690752 6360161 418 15.05000 15.00725 28.15790 25.90313 1.44364 27.50000 31.45500 2.33645 66.76000
SN: MS_9299_306 27 WFD 60275.0443 z 5 65 2390 1410 0.086733 31525985 484.60001 26.26000 26.45834 13.50206 17.93975 1.26609 27.50000 31.44400 2.69042 103.51000
SN: MS_9299_306 28 WFD 60275.0452 z 5 89 1011 2028 0.253094 6360161 469.29999 25.73000 25.90953 13.50206 17.71465 1.26101 27.50000 31.44500 2.64388 103.23000
SN: hl_ms_15796 29 WFD 61266.3984 u 1 2 2157 1236 0.145634 6360160 157.30000 5.13000 6.24791 2.66686e-02 30.65757 1.48661 27.50000 30.47500 1.99431 10.85000
SN: MS_9427_2626 30 WFD 60677.0788 u 1 69 1272 3581 0.625056 6360161 83.87000 7.83600 7.71259 0.97904 10.57822 1.02951 27.50000 30.45000 2.84161 10.79000
SN: MS_9299_297 31 WFD 60557.2606 u 1 78 3808 2831 0.757849 0 138.30000 6.03700 5.89234 3.10170 22.39495 1.36000 27.50000 30.48100 1.84788 11.16000
SN: MS_9299_563 32 WFD 60612.1316 u 1 79 3297 2262 0.383609 0 112.10000 6.61000 4.55973 1.38166 16.75013 1.22940 27.50000 30.48400 1.28717 11.11000
SN: MS_9299_339 33 WFD 60612.1312 u 1 181 2156 3553 0.603263 0 155.50000 5.18000 4.98422 1.61733 29.70708 1.47740 27.50000 30.48800 1.30009 11.11000
SN: MS_9299_324 34 WFD 61320.2087 u 1 118 2017 2089 0.002014 0 3848 6.82100 19.30178 5.97036 563.26483 2.75139 27.50000 30.48100 1.76934 10.99000
SN: MS_9299_308 35 WFD 60612.1316 u 1 79 3480 2402 0.503375 0 104.30000 6.73900 4.48194 4.81726 14.76224 1.18969 27.50000 30.48400 1.28779 11.11000
SN: MS_9299_376 36 WFD 60207.2350 i 4 60 528 2649 0.548109 202752 -1.33200e+02 7.93300 6.93603 99.35735 29.31518 -1 27.50000 31.84200 2.25464 47.34000
SN: MS_9299_376 37 WFD 60207.2487 i 4 3 108 104 0.898069 202752 -1.76700e+02 7.21500 6.26407 99.35735 38.26159 -1 27.50000 31.84700 2.10383 46.03000
SN: MS_9299_1335 38 WFD 61320.2087 u 1 96 111 765 0.893526 4194304 93.21000 6.10800 5.27849 0.25539 15.21850 1.18356 27.50000 30.47900 1.75603 10.97000
SN: MS_9299_2863 39 WFD 60585.1885 u 1 148 1375 3196 0.357807 0 110.90000 6.00100 5.80992 0.54601 18.38927 1.26671 27.50000 30.48600 1.92590 11.14000
SN: hl_ms_2473 40 WFD 60878.3948 u 1 116 3125 3000 0.286151 0 -1.30500e+02 6.04200 5.52233 9.70957 23.20582 -1 27.50000 30.48200 2.17597 11.16000
SN: MS_9299_535 41 WFD 61320.1980 u 1 1 3828 3437 0.775351 0 59.06000 5.16300 5.01287 0.97904 11.24946 1.05839 27.50000 30.48300 1.76889 11.05000
SN: MS_9299_123 42 WFD 61297.2377 u 1 48 1743 3333 0.444762 4194304 293.60001 6.91000 7.51272 5.64417 41.67234 1.62828 27.50000 30.47300 2.12135 11.13000
SN: MS_9299_2073 43 WFD 60557.2606 u 1 43 107 3855 0.897226 4194304 180.10001 6.10400 6.19550 0.11429 29.48652 1.46990 27.50000 30.47900 1.83773 11.15000
SN: MS_9299_460 44 WFD 60557.2606 u 1 43 455 3646 0.677592 4194304 149.60001 6.21000 5.96674 0.21301 24.05588 1.38184 27.50000 30.47900 1.83860 11.15000
SN: MS_9299_806 45 WFD 60911.2829 u 1 143 1521 162 0.844478 0 -7.53200e+01 6.70400 6.47100 5.46009e-02 11.24323 -1 27.50000 30.47500 2.52660 11.19000
SN: MS_9300_2765 46 WFD 60612.1312 u 1 82 2652 3645 0.676728 0 -882500 261.29999 3.30541 4.50402e-02 3377.34448 -1 27.50000 30.48300 1.30832 11.12000
SN: MS_9300_3215 47 WFD 60132.4190 Y 6 2 534 3882 0.886375 135168 411.50000 35.49000 31.46825 7.81268 11.37468 1.06426 27.50000 30.63500 2.35511 66.52000
SN: MS_9300_3215 48 WFD 60145.3750 g 2 101 675 704 0.446357 203776 211.20000 5.35400 3.33744 4.64729e-02 39.43846 1.59602 27.50000 32.32800 2.37530 27.95000
SN: MS_9300_3215 49 WFD 60160.3554 z 5 65 3790 3119 0.742873 203776 365 17.19000 15.95001 2.21820 21.10423 1.32702 27.50000 31.46100 1.98291 84.79000
SN: MS_9300_3215 50 WFD 60166.4131 r 3 126 685 2573 0.440235 203776 308.79999 5.28200 4.33180 0.31017 58.40398 1.76688 27.50000 32.17600 1.87354 40
SN: MS_9300_3215 51 WFD 60175.3159 r 3 87 1556 3137 0.323488 203776 463.10001 5.94600 4.76662 0.27492 77.83806 1.89145 27.50000 32.17100 2.01713 38.32000
SN: MS_9300_3215 52 WFD 60175.3366 r 3 53 2294 1510 0.060001 203776 217.20000 5.24200 3.91746 0.27492 41.38212 1.61736 27.50000 32.17500 1.91824 36.42000
SN: MS_9300_3215 53 WFD 60179.3537 i 4 42 2378 2056 0.028262 203776 595.20001 8.56500 7.19285 0.93498 69.38296 1.84194 27.50000 31.84600 2.05116 45.31000
SN: MS_9300_3215 54 WFD 60179.3632 i 4 185 1958 1969 0.001458 25369600 1100 9.47000 8.30323 0.93498 116.05756 2.06504 27.50000 31.84400 2.13537 45.77000
SN: MS_9300_3215 55 WFD 60179.3646 i 4 37 969 3163 0.338648 203776 535.70001 8.30300 6.97674 0.93498 64.40623 1.80969 27.50000 31.84800 1.98912 45.84000
SN: MS_9300_3215 56 WFD 60179.4002 i 4 41 1732 3107 0.306478 203776 454.20001 8.48000 7.01816 0.93411 53.45117 1.72885 27.50000 31.84700 2.00981 47.05000
SN: MS_9300_3215 57 WFD 60180.3301 i 4 81 1078 236 0.777104 203776 102 6.97000 5.56137 0.91538 14.50282 1.16537 27.50000 31.85100 1.78991 46.10000
SN: MS_9300_3215 58 WFD 60180.3452 i 4 52 2283 1537 0.053551 203776 119.50000 7.05800 5.59432 0.91453 16.80157 1.22869 27.50000 31.84900 1.80761 45.49000
SN: MS_9300_2685 59 WFD 60369.0307 z 5 11 1200 3462 0.534822 1 581.20001 28.69000 13.83429 3.81593 20.12492 1.30660 27.50000 31.45700 2.23158 63.01000
SN: MS_9300_7 60 WFD 60696.1367 g 2 153 775 1231 0.383189 1 2139 10.30000 6.43231 1964.26477 16.96458 2.31737 27.50000 32.33600 2.20756 26.54000
SN: MS_9300_7 61 WFD 60701.1427 r 3 17 1219 1838 0.160696 1 1665 13.25000 6.35652 1867.23914 15.26333 2.09920 27.50000 32.17800 1.59677 38.08000
SN: MS_9300_7 62 WFD 60730.0657 g 2 184 3006 1350 0.227097 1 385.29999 8.21600 3.65190 199.34271 22.63355 1.67114 27.50000 32.33500 2.28949 27.86000
SN: MS_9300_3510 63 WFD 61320.2083 u 1 118 1557 2958 0.229705 0 76.60000 5.18800 5.11150 0.29840 14.70732 1.16923 27.50000 30.48100 1.74238 11.02000
SN: MS_9300_1857 64 WFD 60557.2579 u 1 108 287 2057 0.737591 0 248.20000 5.66000 6.85592 0.11471 43.83132 1.64199 27.50000 30.47500 1.91721 11.19000
SN: MS_9300_1171 65 WFD 60702.0944 u 1 163 3630 1200 0.613291 0 62.31000 5.69500 5.08472 0.60034 10.83576 1.03906 27.50000 30.48500 1.79989 11
SN: MS_9300_3917 66 WFD 60973.1677 i 4 84 2529 3770 0.783871 0 293.60001 9.96300 5.25495 5.74381 28.89252 1.46937 27.50000 31.84900 1.51072 45.82000
SN: MS_9300_201 67 WFD 61320.2083 u 1 87 404 3749 0.765363 0 105 5.57200 5.38253 7.55092 17.48907 1.27518 27.50000 30.47900 1.75081 11.01000
SN: MS_9300_1043 68 WFD 60673.1092 u 1 62 458 3833 0.840238 0 74.57000 6.55100 6.71813 1.58928e-02 11.38057 1.05626 27.50000 30.46600 2.48195 10.79000
SN: MS_9300_421 69 WFD 60557.2597 u 1 109 1176 3151 0.331684 0 597.90002 5.57300 8.85768 0.32211 107.22733 2.03054 27.50000 30.47900 1.90200 11.18000
SN: MS_9427_345 70 WFD 61327.1767 r 3 75 1881 2549 0.075416 203872 -1922 9.43100 3.48964 1.80967 203.98788 -1 27.50000 32.17500 1.99331 36.61000
SN: MS_9427_345 71 WFD 61328.2104 r 3 50 430 1260 0.621464 203872 2992 14.13000 8.34609 3.35428 211.51067 2.32582 27.50000 32.17600 2.03597 35.69000
SN: MS_9427_345 72 WFD 61332.3052 i 4 77 2693 2391 0.104298 203873 -1352 12.18000 5.13645 25.91792 113.12955 -1 27.50000 31.85100 1.68927 47.18000
SN: MS_9427_345 73 WFD 61334.1263 z 5 76 1919 1363 0.101197 203872 1971 27.73000 15.86162 40.85075 69.60509 1.85174 27.50000 31.46100 2.00942 71.99000
SN: MS_9427_345 74 WFD 61334.1446 z 5 78 3337 3726 0.745356 203872 480.79999 26.71000 13.36793 41.00151 16.46569 1.25529 27.50000 31.46400 1.90638 72.28000
SN: MS_9427_345 75 WFD 61334.2284 i 4 108 1703 3140 0.325014 203872 -1976 12.93000 7.05221 46.38742 156.41048 -1 27.50000 31.85000 1.74557 62.63000
SN: MS_9427_345 76 WFD 61334.2289 i 4 94 1371 307 0.716139 203872 -2021 12.48000 7.07883 46.38742 165.65605 -1 27.50000 31.84800 1.74922 62.62000
SN: MS_9427_345 77 WFD 61334.2479 i 4 97 997 3397 0.487993 203872 -2489 11.72000 6.87012 46.60149 216.34825 -1 27.50000 31.85300 1.72032 62.08000
SN: MS_9427_345 78 WFD 61336.3385 i 4 32 1992 2322 0.025964 203872 -8.95500e+02 14.38000 7.59203 69.95196 67.13852 -1 27.50000 31.84800 1.89235 62.08000
SN: MS_9427_345 79 WFD 61337.1452 Y 6 99 1007 3536 0.589993 203776 16070 68.65000 54.98057 62.69026 233.17274 2.36938 27.50000 30.62000 2.92591 70.90000
SN: MS_9427_345 80 WFD 61337.1519 Y 6 142 2721 3940 0.941075 203776 13780 66.35000 52.00920 62.74799 206.74080 2.31741 27.50000 30.62100 2.87930 69.30000
SN: MS_9427_345 81 WFD 61340.1370 Y 6 141 2755 2980 0.240340 203776 -1963 50.50000 37.79314 84.41120 40.54280 -1 27.50000 30.63200 2.51666 75.82000
SN: MS_9427_345 82 WFD 61343.1057 g 2 76 1134 302 0.720411 203872 -8.11900e+01 5.74000 1.59639 115.23907 34.22110 -1 27.50000 32.34000 1.43564 27.07000
SN: MS_9427_345 83 WFD 61343.1062 g 2 18 126 3286 0.879219 203872 -1.10900e+01 5.44100 1.64367 115.23907 23.21799 -1 27.50000 32.34300 1.48335 27.05000
SN: MS_9427_345 84 WFD 61355.2249 i 4 29 2380 3856 0.862103 203872 -2593 9.60300 4.86433 184.16205 289.19736 -1 27.50000 31.85300 1.59327 47.46000
SN: MS_9427_345 85 WFD 61355.2767 g 2 188 1137 1607 0.194912 203872 416.79999 6.46100 3.18346 102.70694 48.61369 1.80963 27.50000 32.34200 1.70615 25.76000
SN: MS_9427_345 86 WFD 61355.3023 g 2 9 475 888 0.587241 203872 1421 8.06000 5.19183 102.61243 163.57166 2.24626 27.50000 32.33900 1.72286 26.07000
SN: MS_9427_345 87 WFD 61356.1031 g 2 107 3996 177 0.926993 25369696 -1.95100e+02 6.72500 2.27443 98.80976 43.70406 -1 27.50000 32.33600 2.08960 26.40000
SN: MS_9427_345 88 WFD 61356.1035 g 2 92 4021 2605 0.950979 203872 -1.73400e+02 6.57200 2.21459 98.80976 41.41962 -1 27.50000 32.33600 2.03617 26.38000
SN: MS_9427_345 89 WFD 61363.0473 z 5 71 2070 3277 0.407708 203776 13510 39.05000 28.65838 123.14024 342.81329 2.53903 27.50000 31.44600 2.67440 70.55000
SN: MS_9427_345 90 WFD 61363.0477 z 5 167 1721 1532 0.054674 203776 16250 40.86000 30.56970 123.02692 394.68851 2.59956 27.50000 31.44500 2.70576 70.70000
SN: MS_9427_345 91 WFD 61364.2216 i 4 181 851 936 0.338346 203872 -1885 12.52000 7.43676 154.16995 162.87299 -1 27.50000 31.85000 1.73207 66.56000
SN: MS_9427_345 92 WFD 61364.2453 i 4 131 3780 3644 0.734506 203872 -1001 13.42000 7.27611 154.02808 86.06767 -1 27.50000 31.84900 1.81968 61.93000
SN: MS_9427_345 93 WFD 61364.2458 i 4 110 3143 739 0.397335 203873 -1781 12.48000 6.89857 154.02808 155.05034 -1 27.50000 31.85100 1.73207 61.80000
SN: MS_9427_345 94 WFD 61365.2771 i 4 182 1391 2755 0.142691 203872 2297 20.98000 13.73537 148.59363 102.40259 2.03936 27.50000 31.83100 2.59880 66.29000
SN: MS_9427_345 95 WFD 61366.0455 z 5 87 2430 479 0.578155 203776 2099 37.17000 26.65533 107.74569 53.57154 1.75182 27.50000 31.43500 2.99858 88.58000
SN: MS_9427_345 96 WFD 61371.2631 i 4 93 1762 365 0.667710 203872 706.79999 16.43000 9.16199 113.65798 36.10116 1.63366 27.50000 31.85200 1.61189 78.04000
SN: MS_9427_345 97 WFD 61373.2598 r 3 179 3097 3756 0.771226 203872 -5.08700e+02 11.37000 5.95474 78.34302 51.63087 -1 27.50000 32.17700 1.89886 65.70000
SN: MS_9427_345 98 WFD 61375.2117 r 3 159 600 1471 0.496810 203872 -2487 7.67900 3.27824 70.01650 332.98822 -1 27.50000 32.17800 1.70708 40.27000
SN: MS_9427_345 99 WFD 61379.0483 z 5 102 2206 2518 0.067281 203872 -2899 28.47000 8.92436 82.79424 104.73460 -1 27.50000 31.46500 1.62174 59.84000
SN: MS_9427_345 100 WFD 61389.1446 r 3 103 2014 1083 0.209769 203872 648.40002 11.83000 5.02423 31.65190 52.13424 1.73886 27.50000 32.17400 2.02008 36.91000
SN: MS_9427_345 101 WFD 61391.0613 i 4 188 2547 300 0.722016 203872 3320 17.74000 11.22711 62.86373 183.60408 2.27218 27.50000 31.84900 1.85369 52.62000
SN: MS_9427_345 102 WFD 61391.0802 i 4 108 2671 90 0.911700 203872 2991 17.26000 10.74483 62.80589 169.65202 2.23878 27.50000 31.85000 1.79657 52.98000
SN: MS_9427_345 103 WFD 61393.2041 i 4 142 1698 813 0.352094 203873 -2393 13.54000 5.52565 58.07644 181.02484 -1 27.50000 31.85200 1.43508 59.80000
SN: MS_9427_345 104 WFD 61394.1624 i 4 157 3207 3826 0.833952 203872 698.70001 16.36000 8.46756 55.92421 39.28947 1.63051 27.50000 31.85300 1.54613 73.60000
SN: MS_9427_345 105 WFD 61394.1803 i 4 143 3495 2261 0.514123 203872 1464 16.40000 9.78574 55.87275 85.86142 1.95070 27.50000 31.85300 1.61091 73.37000
SN: MS_9427_345 106 WFD 61404.1959 r 3 28 1473 3804 0.813604 203872 1611 13.09000 7.10758 17.17117 121.75927 2.09016 27.50000 32.17700 1.91409 48.37000
SN: MS_9427_2664 107 WFD 60612.1312 u 1 94 2232 3135 0.322510 0 -5.97700e+02 6.98800 3.29088 0.26424 85.57015 -1 27.50000 30.48500 1.30497 11.12000
SN: MS_9427_39 108 WFD 60971.1252 u 1 37 3919 1440 0.856197 0 178 6.90300 7.23128 17.26633 23.28461 1.41138 27.50000 30.47300 2.32912 11.21000
SN: MS_9300_334 109 WFD 60224.1601 r 3 18 2130 2228 0.013083 1 116.20000 4.12400 4.02964 200.26266 20.38377 1.44989 27.50000 32.17300 2.06797 37.76000
SN: MS_9300_3743 110 WFD 60166.4117 r 3 160 99 2525 0.904648 1 107.70000 3.74900 3.70394 0.35351 28.63337 1.45830 27.50000 32.18200 1.80011 39.92000
SN: MS_9427_2942 111 WFD 61321.1667 u 1 83 1241 1537 0.152361 4194304 -7.27800e+01 6.49900 6.27034 3.50914e-02 11.20404 -1 27.50000 30.46700 2.43028 11.19000
SN: MS_9300_1193 112 WFD 60702.0939 u 1 79 3397 1855 0.447479 0 80.91000 5.09400 5.19354 0.54853 15.77571 1.20094 27.50000 30.48100 1.76439 11.01000
SN: MS_9300_1262 113 WFD 60690.1410 Y 6 150 1117 779 0.372649 0 -2805 38.92000 32.84855 18.63804 72.54980 -1 27.50000 30.63000 2.45649 67.39000
SN: MS_9427_3726 114 WFD 60612.1316 u 1 27 2488 1148 0.181101 1 87.67000 4.57900 4.31691 1.30497 18.86111 1.28208 27.50000 30.48500 1.29364 11.11000
SN: MS_9427_3726 115 WFD 60702.0944 u 1 168 3879 2657 0.819576 0 91.27000 7.36700 5.37110 1.24968e-02 12.38733 1.09304 27.50000 30.47800 1.79967 11.01000
SN: MS_9300_108 116 WFD 60612.1312 u 1 142 495 1797 0.572780 0 131.70000 6.27900 4.80440 67.05019 10.29619 1.32170 27.50000 30.48100 1.31045 11.12000
SN: MS_9427_514 117 WFD 60557.2647 u 1 113 1783 3763 0.777518 0 76.01000 5.09400 5.44396 8.79023e-02 14.90422 1.17381 27.50000 30.47900 1.87184 11.15000
SN: MS_9427_2949 118 WFD 60261.0706 u 1 121 2966 2246 0.208808 0 65.97000 6.34900 6.97210 5.28202e-02 10.38229 1.01664 27.50000 30.46800 2.52865 11.19000
SN: MS_9427_1197 119 WFD 60911.2954 u 1 159 3443 2252 0.477925 0 -6.55500e+01 6.39500 6.43395 2.02116 10.56625 -1 27.50000 30.47000 2.50731 11.16000
SN: MS_9428_2689 120 WFD 60179.4002 i 4 27 923 1435 0.298370 202752 -7.73600e+01 6.29600 6.03825 26.81635 16.54643 -1 27.50000 31.84900 1.99192 46.95000
SN: MS_9428_2689 121 WFD 60249.2794 i 4 83 3514 1833 0.526986 138240 289.10001 16.41000 16.40174 1.78484 17.50854 1.24594 27.50000 31.81200 3.14659 76.89000
SN: MS_9428_2689 122 WFD 60260.2113 g 2 154 313 2593 0.715985 135168 74.33000 3.51600 3.26640 7.05343e-02 21.12044 1.32512 27.50000 32.31100 2.84510 25.55000
SN: MS_9428_2689 123 WFD 60260.2693 g 2 155 1490 3406 0.494863 135168 78.77000 3.64800 3.42683 7.03396e-02 21.57337 1.33431 27.50000 32.30800 2.96723 25.69000
SN: MS_9301_513 124 WFD 60557.2597 u 1 90 1782 447 0.602619 0 -2.44700e+02 5.46100 4.79310 0.94016 44.98080 -1 27.50000 30.48000 1.87842 11.20000
SN: MS_9428_1916 125 WFD 61371.2631 i 4 7 879 2414 0.322469 202753 -188 8.41000 8.06010 1.77828 22.56579 -1 27.50000 31.85000 1.60398 77.90000
SN: MS_9428_1916 126 WFD 61381.0815 u 1 123 1465 3154 0.333235 0 86.80000 6.75600 6.01539 0.15834 12.82440 1.10883 27.50000 30.47500 2.13760 10.85000
SN: MS_9428_4180 127 WFD 60145.3741 g 2 44 2520 531 0.539152 0 -1.82400e+02 10.31000 2.74865 0.11097 17.70232 -1 27.50000 32.33000 2.37295 27.94000
SN: MS_9428_4180 128 WFD 60162.3585 i 4 150 1514 1786 0.065648 0 -1.79600e+02 14.94000 9.24791 5.06291 12.36030 -1 27.50000 31.85100 1.91762 74.83000
SN: MS_9428_4180 129 WFD 60179.3632 i 4 136 950 2255 0.284420 0 -1.57300e+02 15.12000 6.27873 1.94446 10.53204 -1 27.50000 31.84700 2.12584 45.66000
SN: MS_9428_4180 130 WFD 60201.2430 i 4 165 662 3631 0.665497 0 317.29999 14.38000 7.06492 0.74886 22.01329 1.34371 27.50000 31.84900 2.00327 49.90000
SN: MS_9428_4180 131 WFD 60211.2305 r 3 164 3633 3494 0.615947 1 -1.61400e+02 15.98000 7.84907 0.21067 10.11331 -1 27.50000 32.15600 2.67172 60.37000
SN: MS_9428_401 132 WFD 61320.2092 u 1 111 3340 3566 0.613825 0 64.92000 5.24300 5.11489 2.74916 11.85787 1.09280 27.50000 30.48300 1.79590 11.02000
SN: MS_9428_1848 133 WFD 61320.2096 u 1 116 201 1076 0.812008 0 55.18000 5.08500 5.02100 8.60597e-02 10.83460 1.03549 27.50000 30.48300 1.79324 11.02000
SN: MS_9428_3034 134 WFD 61321.1663 u 1 145 407 370 0.664086 0 66.14000 6.40200 6.72467 0.39482 10.26947 1.01415 27.50000 30.47100 2.43028 11.20000
SN: MS_9300_2077 135 WFD 60739.0298 r 3 107 245 462 0.773709 135168 191.80000 5.58800 5.30466 1.92486 33.97909 1.53559 27.50000 32.16700 2.29418 44.71000
SN: MS_9171_310 136 WFD 60557.2602 u 1 32 157 1760 0.851070 0 254.70000 5.59100 6.81370 10.70532 43.64061 1.65854 27.50000 30.47700 1.87673 11.18000
SN: MS_9171_9 137 WFD 60966.1629 u 1 58 2957 3241 0.385331 0 -8.14400e+02 7.05300 6.50548 15.73259 117.69923 -1 27.50000 30.46700 2.53729 11.12000
SN: MS_9300_168 138 WFD 60585.1889 u 1 63 3177 936 0.314189 0 149.39999 6.28000 6.18568 70.85979 12.50640 1.37639 27.50000 30.47800 1.94400 11.16000
SN: MS_9300_168 139 WFD 60612.1312 u 1 171 1461 3961 0.962175 0 -1780 4.95600 3.28677 3.40408 359.84747 -1 27.50000 30.48100 1.29856 11.12000
SN: MS_9171_1637 140 WFD 60966.1633 u 1 0 2699 3269 0.402654 0 29050 205.10001 52.25547 0.10637 141.63771 2.15118 27.50000 30.47000 2.43616 11.12000
SN: MS_9171_2410 141 WFD 60966.1633 u 1 0 865 1450 0.330744 0 -16020 125.60000 6.23815 0.42540 127.55116 -1 27.50000 30.47000 2.43975 11.12000
SN: MS_9171_497 142 WFD 60966.1633 u 1 0 3332 1959 0.405286 337920 -2018 30.40000 6.23607 0.85192 66.40961 -1 27.50000 30.47000 2.43894 11.12000
SN: MS_9171_1323 143 WFD 61322.1741 u 1 78 923 3488 0.553558 0 111.20000 5.88400 6.35515 0.35027 18.83918 1.27643 27.50000 30.47600 2.15133 11.16000
SN: MS_9171_2505 144 WFD 60200.2362 u 1 136 2647 1385 0.094482 0 -3073 6.20600 6.02076 5.14280e-02 495.17429 -1 27.50000 30.47200 2.34851 11.17000
SN: MS_9171_697 145 WFD 60200.2362 u 1 136 2269 2496 0.061740 0 -5.28800e+02 6.16700 6.01989 8.02417e-02 85.75974 -1 27.50000 30.47200 2.34817 11.17000
SN: MS_9171_3850 146 WFD 60911.2825 u 1 140 2848 1735 0.159227 1 96.23000 7.35700 7.22330 1.59514e-02 13.07789 1.11661 27.50000 30.46900 2.54683 11.22000
SN: MS_9171_1543 147 WFD 61017.1818 i 4 132 3822 2350 0.769980 202753 -1.87700e+02 8.44800 8.15969 17.86486 24.33296 -1 27.50000 31.85000 1.84098 68.71000
SN: MS_9171_7 148 WFD 61269.3117 g 2 149 541 861 0.538926 1 343.79999 4.72000 3.18077 295.12079 10.31339 1.86236 27.50000 32.33600 1.88751 26.97000
SN: MS_9171_2159 149 WFD 61266.3984 u 1 122 90 3728 0.913498 0 296.79999 6.50800 7.18074 1.03848 45.44584 1.65902 27.50000 30.47700 1.98431 10.86000
SN: MS_9171_360 150 WFD 60612.1271 u 1 38 1660 2762 0.145496 0 -8.48200e+01 6.60800 3.33436 2.28876e-02 12.83942 -1 27.50000 30.48300 1.31742 11.14000
SN: MS_9299_2487 151 WFD 60612.1312 u 1 186 2143 3237 0.382864 0 6503 19.75000 24.61761 1.08543e-02 329.26529 2.51755 27.50000 30.48300 1.29087 11.11000
SN: MS_9171_979 152 WFD 60612.1316 u 1 123 442 1616 0.612852 0 264.29999 5.07400 5.90003 0.67671 51.95572 1.71675 27.50000 30.48700 1.30070 11.11000
SN: MS_9299_647 153 WFD 60911.2825 u 1 100 47 3653 0.954239 0 -1.00200e+02 6.48000 6.55275 0.47951 15.53696 -1 27.50000 30.47000 2.54449 11.20000
SN: MS_9299_3964 154 WFD 60531.3149 r 3 79 3564 1597 0.563716 0 187.50000 11.22000 4.77052 0.51003 16.66577 1.22301 27.50000 32.16400 2.37881 38.04000
SN: MS_9299_3964 155 WFD 60584.2290 r 3 153 804 3526 0.582596 0 -289 10.15000 3.33783 0.18724 28.49135 -1 27.50000 32.17800 1.95787 35.75000
SN: MS_9171_3412 156 WFD 60588.1630 u 1 71 1933 2608 0.092535 0 55.24000 5.38800 5.36696 0.36475 10.18472 1.01083 27.50000 30.48000 1.90409 11.23000
SN: MS_9171_1076 157 WFD 61320.1975 u 1 39 3961 3474 0.894111 0 62.23000 5.34900 5.13963 1.37025e-02 11.63139 1.06573 27.50000 30.48100 1.80761 11.06000
SN: MS_9171_1076 158 WFD 61320.1980 u 1 27 3485 3143 0.506943 0 66.81000 5.58800 5.01308 1.37025e-02 11.95352 1.07759 27.50000 30.48200 1.73345 11.06000
SN: MS_9172_1418 159 WFD 60612.1307 u 1 70 928 1714 0.295950 0 98.94000 4.32200 4.51225 0.19249 22.84764 1.35969 27.50000 30.48300 1.32824 11.14000
SN: MS_9300_1126 160 WFD 61320.2096 u 1 187 320 99 0.903336 0 247.60001 5.75500 6.52725 0.32779 42.96650 1.63371 27.50000 30.48600 1.79102 11.02000
SN: MS_9172_4 161 WFD 60145.3750 g 2 38 1030 259 0.757013 4194305 225.89999 8.77800 3.39884 128.70638 11.07241 1.41052 27.50000 32.32800 2.38766 28.11000
SN: MS_9300_2243 162 WFD 60557.2647 u 1 180 3183 3829 0.836511 0 -1.24600e+02 5.22300 4.74448 5.64417e-02 23.86683 -1 27.50000 30.48200 1.86780 11.17000
SN: MS_9171_1502 163 WFD 60731.0554 u 1 175 2415 3602 0.641913 0 108.10000 5.41700 5.76575 0.26767 19.90628 1.30007 27.50000 30.48000 1.87906 11.28000
SN: MS_9301_3044 164 WFD 60644.0853 g 2 116 32 3666 0.968542 203776 -3.36300e+01 2.46500 2.05176 0.32122 13.77331 -1 27.50000 32.33800 1.93168 25.81000
SN: MS_9301_3044 165 WFD 60648.0780 r 3 91 3151 2260 0.300327 203776 -6.71500e+01 3.12900 2.80069 5.44503 23.20071 -1 27.50000 32.17900 1.64754 35.68000
SN: MS_9301_3044 166 WFD 60664.2039 r 3 88 74 174 0.927844 203776 -6.82200e+01 5.86000 5.67711 11.78148 13.65213 -1 27.50000 32.17800 1.78189 66.81000
SN: MS_9301_3044 167 WFD 60693.1184 r 3 80 3690 874 0.660563 203776 -6.60500e+01 4.59100 4.40395 2.63512 14.96082 -1 27.50000 32.18000 1.54407 59.92000
SN: MS_9301_3044 168 WFD 60693.1189 r 3 151 661 3300 0.455612 203776 -6.55300e+01 4.60100 4.43523 2.63512 14.81528 -1 27.50000 32.17900 1.55024 60.05000
SN: MS_9301_3044 169 WFD 60704.1105 r 3 138 2403 2362 0.032917 203776 -6.63800e+01 3.02500 2.73627 1.36647 22.39552 -1 27.50000 32.18100 1.57595 36.51000
SN: MS_9301_3044 170 WFD 60711.0985 i 4 146 2510 2910 0.207248 203776 -5.97100e+01 5.66500 5.23932 3.11602 11.09021 -1 27.50000 31.85200 1.49004 54.61000
SN: MS_9301_3044 171 WFD 60740.0579 r 3 173 2999 2630 0.224172 203776 336.89999 7.88900 7.30665 0.45751 42.64704 1.63048 27.50000 32.15700 2.75371 51.09000
SN: MS_9301_319 172 WFD 60907.3895 u 1 90 112 2224 0.892867 0 84.86000 5.35600 5.72262 0.96117 15.66446 1.19986 27.50000 30.48200 2.02343 10.86000
SN: MS_9172_2940 173 WFD 61322.1746 u 1 71 168 3166 0.841581 0 64.34000 6.09500 6.30235 0.47907 10.47759 1.02351 27.50000 30.47500 2.27152 11.18000
SN: MS_9301_1573 174 WFD 60907.3895 u 1 99 150 3135 0.857725 0 -1.01500e+02 5.84400 4.98344 0.51192 17.45584 -1 27.50000 30.47900 2.01416 10.85000
SN: MS_9301_1318 175 WFD 60557.2579 u 1 84 1771 3670 0.697684 0 -5295 6.60700 4.93602 0.29054 801.46674 -1 27.50000 30.47900 1.92921 11.22000
SN: MS_9301_1318 176 WFD 60557.2709 u 1 19 140 3512 0.866756 0 155.70000 5.52500 6.06934 0.29215 28.12812 1.44996 27.50000 30.48000 1.86567 11.17000
SN: MS_9301_1318 177 WFD 60557.2763 u 1 181 1431 2809 0.163908 0 -5.48600e+01 5.20500 4.69164 0.29268 10.59610 -1 27.50000 30.47600 1.84011 11.15000
SN: MS_9301_1336 178 WFD 60557.2579 u 1 84 1522 2135 0.063642 0 -2519 5.86500 4.92862 3.58426e-02 429.50314 -1 27.50000 30.47900 1.92632 11.22000
SN: MS_9301_1336 179 WFD 60557.2647 u 1 118 3995 512 0.926321 25165824 100.80000 5.20000 5.64750 3.60745e-02 19.37768 1.28746 27.50000 30.47500 1.85605 11.19000
SN: MS_9301_1336 180 WFD 60557.2763 u 1 181 1151 1277 0.188870 0 64.45000 5.24600 5.27459 3.64083e-02 12.27861 1.08939 27.50000 30.47600 1.83470 11.15000
SN: MS_9172_246 181 WFD 60902.3489 i 4 131 415 204 0.806296 1 -1.64600e+02 11.11000 6.96953 77.05480 21.75111 -1 27.50000 31.85000 1.70685 63.30000
SN: MS_9172_246 182 WFD 60904.4047 r 3 78 2534 29 0.971131 1 -1.41100e+02 7.74400 3.16273 42.22792 23.67354 -1 27.50000 32.17800 1.55869 42.55000
SN: MS_9172_246 183 WFD 60905.3036 r 3 173 385 447 0.656991 1 -9.16900e+01 7.35900 4.68773 39.81072 17.86937 -1 27.50000 32.16200 2.54902 38
SN: MS_9172_246 184 WFD 60905.3202 r 3 158 3485 43 0.956758 1 -6.12500e+01 7.38600 4.75276 39.73742 13.67282 -1 27.50000 32.16100 2.55245 38.44000
SN: MS_9172_246 185 WFD 60932.2773 i 4 72 2866 858 0.325955 1 -1.73900e+02 10.57000 6.72909 27.36530 19.04118 -1 27.50000 31.84600 1.97103 52.73000
SN: MS_9172_246 186 WFD 60932.2991 i 4 155 2992 171 0.835762 1 -2.13800e+02 10.34000 6.20883 27.36530 23.32353 -1 27.50000 31.85000 1.81025 53.17000
SN: MS_9172_246 187 WFD 60942.2310 r 3 172 3975 203 0.907238 1 -8.86000e+01 7.78400 5.32513 9.89009 12.65289 -1 27.50000 32.14900 2.92740 37.14000
SN: MS_9301_555 188 WFD 60557.2597 u 1 86 1198 1120 0.193494 4194304 69.18000 5.44700 5.43155 0.11036 12.68031 1.10382 27.50000 30.48700 1.89948 11.20000
SN: MS_9172_5 189 WFD 61093.0664 r 3 127 109 2889 0.895533 1 2739 18.54000 8.75478 2926.84790 10.13203 2.16948 27.50000 32.16100 2.49155 39.89000
SN: MS_9172_5 190 WFD 61113.0341 g 2 166 58 2061 0.943656 1 399 11.99000 4.58809 560.78973 13.49372 1.52215 27.50000 32.30800 3.07237 29.04000
SN: MS_9172_3076 191 WFD 60557.2579 u 1 96 67 3326 0.935182 0 1486 72.68000 12.67553 1.27175e-02 20.44562 1.31060 27.50000 30.48200 1.94113 11.21000
SN: MS_9172_1345 192 WFD 60966.1643 u 1 136 2892 2336 0.176767 4194304 -2.04800e+02 7.54300 6.54934 0.46817 27.21307 -1 27.50000 30.45900 2.53336 11.13000
SN: MS_9172_418 193 WFD 60207.2491 i 4 85 835 2845 0.347915 202753 -2.07100e+02 6.63000 6.51997 98.71883 46.12652 -1 27.50000 31.84400 2.14689 46.82000
SN: MS_9172_418 194 WFD 60207.2496 i 4 24 2490 3398 0.489041 202752 -8.88700e+01 7.18700 6.77643 98.71883 26.10113 -1 27.50000 31.84400 2.23372 46.77000
SN: MS_9172_418 195 WFD 60278.2548 i 4 70 2433 476 0.580385 202753 -2.51300e+02 9.04900 8.95236 15.81975 29.51926 -1 27.50000 31.85000 1.75829 78.93000
SN: MS_9172_817 196 WFD 60612.1307 u 1 105 1453 809 0.354102 4194304 83.36000 3.86000 4.36652 0.55106 21.45309 1.33437 27.50000 30.48300 1.33482 11.15000
SN: MS_9172_723 197 WFD 60557.2579 u 1 96 1044 918 0.292562 4194304 -1936 28.53000 4.93637 0.55411 67.87782 -1 27.50000 30.48200 1.93641 11.21000
SN: MS_9172_446 198 WFD 60971.1297 u 1 8 2951 3167 0.340887 4194304 90.24000 6.42200 6.74791 10.19530 12.46414 1.14773 27.50000 30.46900 2.36085 11.22000
SN: MS_9172_497 199 WFD 60702.0898 u 1 111 1205 2397 0.166361 4194304 -4.68600e+02 5.29800 4.36851 0.96739 88.63107 -1 27.50000 30.48500 1.75920 10.95000
SN: MS_9172_2022 200 WFD 60911.2958 u 1 71 3403 2953 0.450929 0 -1.92800e+02 6.91900 6.81715 9.68278e-02 27.87929 -1 27.50000 30.46200 2.62772 11.20000
